     run  nodes  stored_unique  sender_tx  sender_ack_true  sender_ack_false  sender_send_errors  stored_pdr_pct  duration_s  tx_rate_pkt_s  gateway_rx_rate_pkt_s  gateway_published_rate_pkt_s  stored_rate_pkt_s  n2g_mean_ms  n2g_median_ms  n2g_p95_ms  gateway_mean_ms  gateway_median_ms  gateway_p95_ms  backend_mean_ms  total_mean_ms  sync_w_median_ms  sync_w_p95_ms  sync_valid_probes_median  sensor_read_mean_ms  build_to_send_mean_ms
1N-RUN01      1           1380       1380             1380                 0                   0      100.000000     1800.03       0.766654               0.766654                      0.766654           0.766654    23.021014           23.0        28.0        13.378986               13.0            14.0       564.750384     601.150384              29.0           30.0                       3.0           272.190580               5.728986
1N-RUN02      1           1381       1381             1381                 0                   0      100.000000     1800.32       0.767086               0.767086                      0.767086           0.767086    23.238957           23.0        28.0        13.280956               13.0            14.0      1025.697362    1062.217275              29.0           30.0                       3.0           272.210717               5.796524
1N-RUN03      1           1381       1381             1381                 0                   0      100.000000     1800.21       0.767133               0.767133                      0.767133           0.767133    23.244750           23.0        28.0        13.284576               13.0            14.0      1030.775596    1067.304923              29.0           30.0                       3.0           272.552498               5.311369
3N-RUN01      3           4141       4171             4171                 0                   0       99.280748     1801.15       2.315743               2.315743                      2.315743           2.299087    24.079691           23.0        33.0        13.329872               13.0            15.0      1572.979640    1610.389203              29.0           31.0                       3.0           272.691137               5.482492
3N-RUN02      3           4154       4159             4159                 0                   0       99.879779     1801.35       2.308824               2.308824                      2.308824           2.306048    24.273712           23.0        33.0        13.427058               13.0            15.0      1061.740077    1099.440848              29.0           31.0                       3.0           272.609774               5.439817
3N-RUN03      3           4124       4149             4149                 0                   0       99.397445     1801.22       2.303439               2.303439                      2.303439           2.289559    24.050921           23.0        33.0        13.455383               13.0            16.0       691.809925     729.316230              29.0           30.0                       3.0           272.675800               5.403007
5N-RUN01      5           6721       6936             6936                 0                   0       96.900231     1801.12       3.850937               3.850937                      3.850937           3.731567    25.027674           23.0        38.0        13.524178               13.0            17.0       407.375386     445.927239              23.0           30.0                       3.0           272.803154               5.472102
5N-RUN02      5           6721       6947             6947                 0                   0       96.746797     1800.84       3.857644               3.857644                      3.857644           3.732147    25.196102           23.0        37.0        13.432227               13.0            16.0       589.823903     628.452232              28.0           30.0                       3.0           272.825026               5.500818
5N-RUN03      5           6738       6943             6943                 0                   0       97.047386     1800.84       3.855423               3.855423                      3.855423           3.741587    24.306619           23.0        38.0        13.418225               13.0            16.0       393.719029     431.443874              29.0           30.0                       3.0           272.904720               5.412140

Scenario summary:
  nodes  n2g_mean_ms_runmean  n2g_mean_ms_runSD  gateway_mean_ms_runmean  gateway_mean_ms_runSD  backend_mean_ms_runmean  backend_mean_ms_runSD  total_mean_ms_runmean  total_mean_ms_runSD  tx_rate_pkt_s_runmean  tx_rate_pkt_s_runSD  gateway_rx_rate_pkt_s_runmean  gateway_rx_rate_pkt_s_runSD  gateway_published_rate_pkt_s_runmean  gateway_published_rate_pkt_s_runSD  stored_rate_pkt_s_runmean  stored_rate_pkt_s_runSD  stored_pdr_pct_runmean  stored_pdr_pct_runSD n2g_p95_run_values sync_w_median_run_values sync_w_p95_run_values
     1            23.168241           0.127534                13.314839               0.055582               873.741114             267.605868             910.224194           267.677859               0.766957             0.000264                       0.766957                     0.000264                              0.766957                            0.000264                   0.766957                 0.000264              100.000000              0.000000           28;28;28                 29;29;29              30;30;30
     3            24.134775           0.121180                13.404104               0.065829              1108.843214             442.469260            1146.382093           442.408190               2.309335             0.006168                       2.309335                     0.006168                              2.309335                            0.006168                   2.298231                 0.008278               99.519324              0.317569           33;33;33                 29;29;29              31;31;30
     5            24.843465           0.472488                13.458210               0.057557               463.639439             109.492069             501.941115           109.800906               3.854668             0.003417                       3.854668                     0.003417                              3.854668                            0.003417                   3.735101                 0.005625               96.898138              0.150305           38;37;38                 23;28;29              30;30;30
